96223
65794
19340
228884
106434
15587
12791
47423
49982
7471
9391
15509
21056
8792
6026
3392
3514
61721
53918
13731
13726
75007
48813
12024
8259
36008
42127
5822
7734
12133
17737
7533
8231
2848
3225
53253
63800
15510
14760
93012
54452
11046
9605
5107
38735
49431
6013
8752
11629
19732
5608
1521
2495
12737
11337
246
2389
4577
10985
12316
2414
2117
9007
9924
9117
13461
349
1316
2236
62
2948
6282
466
2277
3132
69
814
660
27409
27160
5704
33724
36462
7414
6989
22288
28700
1203
3284
4609
7096
12822
4479
5948
1491
20313
25255
3326
5130
25818
26052
5450
5030
19355
14684
21400
440
1445
2178
3689
89
5187
9609
383
3324
5128
1316
88831
76361
18602
156485
90829
17793
18150
45696
57530
7136
9319
14451
21955
8617
10341
3192
3831
17543
20121
868
2905
4647
18097
22945
3749
4271
31558
11138
16346
443
1551
2608
3594
7262
237
2571
3486
1102
46042
40628
9958
95858
58771
15999
13135
33079
39654
5507
7154
10574
19405
7177
10091
3120
40842
64673
10065
14588
46494
50373
9582
11441
5752
29582
41117
1663
4640
6500
9711
18083
5859
8935
2322
2963
101246
92230
20389
18918
278389
158156
19779
16706
27312
50125
59707
7797
9453
15801
23009
8978
8518
3650
4517
3264
1749
371
4067
3147
1479
773
540
408
818
572
282
171
522
506
208
85
104
96
25704
23478
2473
4228
6001
9086
14196
4545
5650
1947
1413
24715
29144
1517
3847
6490
8652
13825
980
5214
6399
2729
2958
25217
34197
1215
4469
7648
8408
13834
3110
3969
424
631
27936
41188
1095
4416
6700
132
9592
18112
4120
6223
795
1390
3816
8241
215
655
1563
111
2212
3003
105
1124
2777
410
425
3142
5129
91
163
538
1289
1485
3121
85
1022
1113
78
290
335
12749
17741
241
2036
2769
4400
8681
641
2500
3401
496
949
14500
21717
588
2144
3306
5345
9975
438
3145
4081
1162
1339
8538
11395
562
1132
2173
3322
5076
245
2357
3087
789
943
9726
12824
945
1409
1756
57
3567
6321
164
2368
2649
772
976
19747
29164
1245
3323
6916
6719
14591
3538
6103
1057
1137
19453
30951
901
2943
5060
217
7207
15569
4405
5944
1238
2893
39044
43413
6442
7824
11843
17615
7802
9051
2462
3447
37506
54742
1225
5976
9146
12070
19972
6619
8517
3006
3642
2853
1604
596
453
2964
1018
503
354
388
287
971
745
213
201
501
430
253
254
117
93
35283
39320
5900
6195
13570
15586
6823
8210
2911
2233
32372
36852
1920
5023
6862
11272
15277
6831
8006
2818
42360
46790
1513
6691
7412
14463
19547
7540
7624
1970
1222
35372
44625
1369
5662
8535
11242
18721
577
5746
5979
1348
2117
9433
17138
310
481
1597
2801
3620
6482
220
2335
3298
114
1096
920
7244
11221
314
1033
2011
40
2552
5049
142
1792
2695
692
919
18
21125
33351
1739
3519
5745
194
8023
14206
663
4842
4763
1950
2042
19898
27273
748
2956
4823
6403
12806
530
4036
5566
1672
1855
16036
24107
775
2557
4436
6584
10119
404
3839
4299
1697
1595
13845
19397
695
2024
3706
4903
8565
324
3359
4172
1229
1090
45756
51548
7934
9431
15848
19602
8993
10204
3253
3131
43020
56543
6663
9278
14013
22024
8293
9360
3389
16105
23692
2525
6855
5471
10364
4373
2913
14008
14496
1908
4817
11148
3422
4316
1646
30473
45709
1499
5712
7320
11495
18889
667
6781
7936
2813
2065
26985
40360
1608
4249
7598
219
9322
17605
5621
8921
2187
2659
4809
2557
901
4852
1791
516
510
696
726
539
111
475
359
154
125
129
81
33141
46314
5342
9781
12184
19599
6097
6941
4137
35018
48365
2200
5752
8980
12809
19360
6872
7727
3369
3127
18920
23282
975
2826
4629
7053
11060
4007
5506
2842
23040
31078
3344
6139
204
7380
13896
410
4718
6087
2182
23084
35168
1205
3807
6551
7433
14379
646
3297
5396
2846
7013
27329
35932
783
2081
4170
5919
113
8323
16434
4063
7844
1181
1594
4663
9606
207
375
819
1890
1827
3637
88
234
881
2441
14
1116
3133
2751
5314
138
423
1287
80
1279
2983
69
963
1809
18
391
599
5
12408
20379
727
1686
2986
4420
6290
455
2052
3897
2532
3997
12648
19386
468
1340
1781
3341
4129
9699
202
3120
4248
934
1742
9089
14336
288
969
1296
2974
3327
5697
194
2010
3150
1922
4049
9238
14641
431
871
1288
2194
140
3095
5428
162
2267
3488
886
1075
17332
29506
883
2671
6780
212
6279
12867
468
3819
5844
3530
5614
18047
31799
729
1179
2942
5813
6326
15000
294
4239
7874
1578
2562
30264
47347
4818
8833
10450
15132
5594
7426
4091
30909
43202
1414
4796
7794
10908
16697
7089
9829
2502
4119
206236
182534
59662
30495
20192
19886
17871
56064
60411
8774
17391
22170
9418
10322
3645
199284
182777
59084
49860
27098
32131
22972
51250
56972
7911
9287
16013
20723
8625
5752
3041
4602
202543
41059
23250
15003
58734
9489
17842
10397
4064
178510
173845
59450
34805
19703
16920
8667
8199
52016
61503
2075
8152
9707
15249
22293
859
8070
10118
2290
2015
196225
46823
24742
21024
36527
6354
12495
8513
2754
66475
58905
756
21268
16667
7429
7456
6707
4923
19692
31835
225
2948
5564
6772
10414
3954
4852
1361
1220
106777
94771
33216
31119
14448
25119
12722
14186
38398
48395
6051
7768
10957
19223
721
6239
8980
2355
3436
87676
86153
1646
28824
27195
11113
12784
14243
10408
28735
44300
4829
6935
8956
13881
5104
7308
2088
2488
134595
115766
46855
33272
21201
32601
30240
40210
48915
6445
7869
12907
20308
6475
9830
2676
4039
205461
69319
29299
24757
39911
8574
17373
7961
3939
186947
31106
12190
36387
5560
13067
8309
1700
140672
170912
40952
33741
18430
29867
19373
17128
42915
57247
1953
6851
8794
13139
21289
7634
10166
2864
3511
180310
61059
14516
16348
50451
8528
17841
10530
4432
244457
214783
71585
61644
31610
41696
31221
22798
57466
63761
8977
9736
17518
22790
9762
11181
3901
4719
455
198
2
540
95
188
122
182
18
718
451
168
31
125
150
372
284
113
59
68
28
48386
39753
22510
20505
19027
13714
14602
37076
39760
6040
11846
16800
449
6092
7901
990
43566
40953
2198
32512
22277
16988
13089
22107
15540
26649
26508
32747
1229
4224
6397
8290
14400
474
5179
5480
1721
2734
49074
53743
50982
20234
18010
27209
12754
15768
9684
29982
39154
1030
2095
4871
6766
239
9161
17114
4454
5578
1392
1368
10297
14186
332
242
14972
17634
3850
5511
193
170
5115
5485
2485
3633
3436
5720
114
248
524
808
1364
2096
56
621
1204
55
230
358
8
21300
28789
1779
41516
8179
10078
27068
14137
17540
8309
13520
20171
1061
2020
3488
4696
7475
333
2929
3139
849
1164
16108
22232
788
25988
53129
5597
6112
637
9050
8631
16240
13896
8647
10740
167
603
1226
1411
129
2882
4621
140
1863
2577
64
608
709
44848
48339
14156
14121
17338
9199
10177
19909
22611
3383
7472
16528
5062
7359
1995
52861
54406
20553
18067
27157
33374
36626
42589
5835
11251
17555
6477
8995
2171
29082
48655
498
29769
67965
9535
16272
981
28514
35473
2660
13804
18621
31685
621
1905
2989
6222
167
6230
14668
4136
5933
1233
1729
52723
57901
20964
20302
31760
17854
31987
45331
1306
5821
8194
11455
16989
7143
9855
2388
3597
11135
16698
719
4279
7151
14010
365
3450
1871
2047
3124
7614
12483
1344
49
3016
4790
1630
36
591
535
25659
30268
7061
14108
19689
6419
7947
6823
5894
19259
24359
2990
119
7011
12239
4128
3547
917
1179
40
19300
24065
6132
237
11082
14435
5153
6047
3248
5794
14427
20990
552
2297
5093
9999
204
2977
2037
79
1206
48897
53337
1083
11808
25420
42031
28678
8262
5591
13969
19973
46557
52863
7280
8589
14885
19885
8595
6317
2696
46292
11913
38314
8388
47797
15870
4645
30414
34135
1856
9059
23856
26005
36826
6289
6115
6925
9410
35345
39440
2242
5411
7878
11302
14177
6716
6776
2470
3294
47708
17405
7602
35841
8758
11730
3037
49983
61861
11866
43910
9916
13525
51680
50513
8266
17043
21574
10207
1911
42390
41406
10577
21994
31466
43779
7262
9274
7784
9461
37450
43113
5797
7145
10843
17680
659
5362
6449
1437
1359
11829
18483
181
583
3101
6711
10698
15345
117
1811
2871
143
1351
1813
8345
11194
109
1174
2134
2656
5106
108
1690
2111
56
528
727
35
19913
24849
1078
6052
14737
18265
27099
3863
5222
3150
7382
19785
25660
976
2964
4710
6421
11387
546
3542
6017
1420
1619
15149
22154
615
4023
9506
13882
24146
122
2800
3651
2544
6868
13265
21557
439
2117
3455
4188
6936
2545
3197
963
1581
28575
32323
1511
8029
17680
25434
40065
6153
8801
4422
19992
27912
38490
1495
1810
4306
6964
187
8902
16880
597
4891
8005
1856
2635
40741
52034
10124
25391
36185
34542
7589
9320
7778
43858
53462
2224
6831
8428
13886
19207
7653
8677
2618
3197
111287
160557
59807
92560
8772
69961
42126
20751
41098
47270
1667
6561
11744
18561
6163
7081
1732
22698
17260
885
7134
20310
22996
20226
6701
11662
39030
23434
16867
11419
14091
1801
4032
8502
1919
2765
284
43894
42126
60419
61699
43363
7714
69166
176913
37799
11240
22186
28183
763
3925
5791
8111
13562
5092
5768
1891
40651
26821
37986
40808
40555
31640
14319
59590
95161
33648
4711
17449
14241
2924
4525
6306
10238
3927
1792
1784
66222
62409
102191
91198
60127
13752
138308
22748
28232
41588
4265
10036
17838
756
6753
2352
9260
2338
1597
16715
5892
1121
807
432
280
1236
1082
325
179
588
519
264
158
131
90124
108055
1767
16331
22509
100413
70118
11309
11964
5212
5707
37944
47639
6060
7373
13249
16822
7382
8148
2885
79537
98583
1368
14403
21652
78651
75653
8361
10939
159
2315
4008
40957
54472
2221
6346
8775
12597
20551
926
6671
7121
1745
2668
20884
32031
666
4669
6471
19969
13756
3235
7603
1418
797
10499
14891
321
675
1505
2362
3396
7284
209
2356
2869
921
951
23578
33734
813
5626
22556
26328
1415
7508
2397
12365
15484
1674
3640
4166
9438
1964
1230
52350
88358
870
10911
18227
70071
71754
7981
10173
3115
7829
24427
33323
1226
3803
5864
7579
13989
565
5040
6039
1772
2662
35900
63369
1348
7143
13490
40685
47330
5573
10275
2669
2745
16580
23289
1721
2696
3592
5394
10752
4117
5380
1528
2644
43454
68626
7899
17350
50110
59170
6891
2895
21328
27469
3239
5968
10802
4188
5907
1623
94069
117728
16761
33641
144561
127102
10641
13275
5357
27758
51276
4830
12770
19940
6526
2997
3752
98486
117193
15246
29333
124056
83283
13410
5921
8457
45343
59318
6929
14870
20087
8507
8512
3044
40996
55577
9803
68476
47299
7677
14392
2050
13514
14267
22955
759
2057
3957
5163
9726
3587
5751
1424
63745
111277
2656
12820
22760
93918
195613
9097
15730
5048
6676
31202
45247
1913
5022
7939
10322
19811
6159
8635
2347
3346
4087
5644
212
1405
7799
3174
4152
2094
2507
327
1798
2647
250
928
2254
19
1037
203
518
22035
18044
911
4973
10814
8430
20707
847
5156
3409
1904
14553
21692
1798
2393
5470
9195
3142
4053
843
1369
33471
36048
686
6426
8924
190
12484
17329
842
8363
6970
2680
2001
19187
30114
354
3269
5484
6270
12548
696
2984
3555
506
471
2874
5366
1021
837
2412
1567
3819
129
796
2265
264
261
1111
1688
39
164
300
12
411
950
76
346
302
15
65
163
8267
12978
1271
2902
7873
5027
11986
326
4259
4391
1047
965
7315
11864
183
1129
1717
2827
5430
115
1369
2289
519
1010
5797
10317
1137
2251
3955
3768
9363
2635
3931
106
855
717
4246
8453
688
566
1087
16
1638
2813
65
791
1685
342
707
14
4072
7151
371
918
6287
2719
5509
1077
2488
141
271
37
1933
3203
100
228
434
662
1947
329
564
1065
226
630
15976
20277
922
1335
4739
10318
7497
19036
511
7997
6520
1770
1665
11458
18836
586
1900
3618
142
4288
10299
276
2472
4023
914
1393
33915
27465
1107
6965
17642
14976
29134
7136
10559
2992
22386
34991
1067
3692
7663
13498
4346
6079
1479
2647
40869
40040
8858
19390
16208
30566
10529
10383
3523
26177
45159
4049
9851
16464
4972
9347
1659
1830
200209
266835
8663
6461
52661
61051
8100
14452
22199
8223
1719
92090
163702
20366
7775
6397
19728
28505
3279
105
6597
10742
3167
4184
900
179284
393925
41854
14082
12957
37540
49712
2024
5805
10209
19215
7138
1823
3864
167053
153961
23697
18254
28092
41457
1557
4299
8182
9182
17173
4780
6003
1814
197147
384755
49357
29105
17969
16764
46562
56469
7137
11974
22617
7521
9238
2419
6474
5371
57952
63946
9115
16653
23647
8778
11255
11802
10555
31230
43924
655
5487
8920
16458
4898
11974
8468
47870
43092
7814
9732
12710
19962
8163
9006
26561
17028
41534
52692
6758
11753
18193
6623
14629
50010
52703
8216
14277
20226
8505
29018
18308
54423
68781
8495
14988
23531
8997
4132
1974
430
382
2450
1224
599
232
535
1324
1275
333
291
678
636
285
293
132
40756
56589
228
6326
8865
12641
16893
593
6742
8779
3459
3138
33
43265
53534
1567
6873
9009
13654
19766
6963
7793
2231
2835
16339
22532
491
540
2543
3759
74
4492
7807
200
3594
3654
128
1153
1863
14394
21876
415
2084
3560
4623
8246
188
2675
3795
51
1287
1884
30797
45091
1412
4776
7083
9108
14380
539
6209
7412
2570
5237
28195
37710
1167
4540
6837
9083
15677
570
5642
6457
2142
2458
23103
34027
416
3512
5609
7058
10203
386
4899
4251
151
2104
3797
21973
26771
1031
3267
5096
7112
11544
385
4463
5445
1800
1955
37675
53090
1327
6137
8451
11296
17553
853
7064
9745
3400
5607
37059
50090
1726
5957
8192
11366
19203
879
6904
9505
2536
2996
238971
195943
77863
77807
17846
30826
43557
40337
6925
13747
17742
7496
2424
81304
135881
932
34360
37550
42735
10799
8400
2860
9098
16126
22587
2499
5095
8096
2917
3157
1163
161753
177427
77571
55869
57041
18180
6826
33117
29344
2247
5310
5154
10501
11689
615
5712
5832
2002
2273
127754
144001
58065
42564
48320
17335
15516
14829
9807
23031
28415
487
3785
4940
7574
10639
4558
5455
1566
194444
188094
65445
61226
21027
34703
50263
1789
5666
11721
17290
6292
6996
2492
2382
641
431
390
1546
1265
1449
143
248
1237
1113
283
628
543
256
191
105
102732
107506
19879
31785
45893
16217
18187
4265
53853
58167
8340
9654
17047
22124
9446
10377
3776
99449
95087
17620
15869
30479
44721
14135
13269
4342
3532
50203
51785
2264
7942
16481
20894
8868
9338
3292
3109
62956
66237
13474
10409
22469
36724
11001
12123
3261
39898
42967
6182
7886
13528
15046
7720
8054
2602
2953
59557
72948
1839
13483
11538
21024
36236
9711
11833
2779
2730
41146
51694
1370
6356
8606
12617
18985
777
6851
6748
2054
2822
18234
26083
724
4592
6537
7963
12412
634
3509
5262
105
1246
2055
10903
14661
350
1587
2417
88
3363
6414
174
2374
2814
171
763
883
44383
44344
2268
9883
12310
13974
37465
7384
11397
2000
2217
25527
33731
1267
3848
6509
7925
13410
4827
5765
1761
2156
37287
37904
1372
6817
8031
12547
28044
5771
7970
2574
3367
17379
25829
598
1297
2614
3827
85
5935
9888
322
3925
4437
1508
27769
30299
2201
5016
7100
9984
22016
4886
6612
1662
2356
13636
18278
390
1889
2591
92
4396
8058
3060
3569
1196
52356
56982
12014
13221
17716
37500
9197
14313
2715
3672
31771
48581
1846
5111
8240
10480
18792
6437
8393
2459
2361
80
73752
89184
14862
15563
26977
41071
12160
19179
3757
3810
49234
57543
7627
9016
15293
22274
8600
9768
3412
3942
83253
105802
16088
19250
26902
43954
12076
16067
3461
51335
60681
7950
9792
16029
22524
9295
9807
3340
4165
721753
673835
54730
62559
15498
22478
8172
9611
2400
202572
136753
111870
63985
68728
4866
23898
26475
38587
869
7506
13631
4453
1583
391585
336458
299749
15842
41478
52248
12493
20013
910
8025
2080
369681
313642
224000
15628
37950
49735
9969
18283
560
5474
2475
800929
630778
47504
60295
14929
7796
4788
250132
221949
185775
24696
7120
10744
56427
67300
9203
11265
16249
23572
8730
10234
2739
207107
140110
51607
74097
11759
9675
15140
28763
43883
5432
8153
9383
12926
5014
5089
1883
442309
540524
196124
28584
16763
46792
55919
7661
10221
12970
22137
7800
9979
3093
438175
512001
206026
19232
39301
45214
6419
8978
11782
17908
6986
8579
2625
698231
650255
52337
63719
8683
10802
15083
22751
8504
11127
3174
4709
39246
59233
1531
6898
9862
13158
22229
8067
13173
2280
2289
35817
52816
1361
5869
8651
11548
17077
6491
7100
169
2048
2617
10172
20530
155
842
1688
5033
3711
5667
219
2797
4707
404
1713
8569
14524
244
473
1207
2169
43
2852
5710
124
2075
3151
83
802
1076
23617
28703
1419
3557
5897
6946
15239
638
5659
5227
1441
76
21333
30420
895
3122
6022
7012
12434
566
4315
5699
1946
17897
22378
523
1371
2717
5116
5255
6782
337
3677
7477
1193
2483
57
14247
22659
653
2153
3373
81
4722
8638
353
3413
4903
1385
1857
29190
49523
4981
7786
9503
18651
7344
9589
1671
2863
27602
43325
1305
4251
8178
8750
16573
699
5398
6336
2354
2938
44411
56620
7225
10162
13845
22507
8924
11251
3227
4029
43220
55153
6939
9622
13751
20607
7648
9167
3204
4236
48984
54969
7748
9353
15029
22570
9483
14276
3308
41514
57038
6451
9476
14018
21180
7999
9819
3300
47157
48683
689
7819
9329
17963
21805
6682
12053
6139
15947
35376
45444
1216
5665
6982
10785
18599
479
4974
6499
1040
2108
45
6887
11691
364
190
1157
3190
4020
6838
378
2053
5345
6372
6506
5976
10736
307
870
1978
2389
4684
134
1591
2839
95
655
748
23101
30625
541
3687
5066
10277
14525
5777
8874
23356
5031
17768
24108
770
2643
4463
5851
11450
274
4185
4841
1462
1853
15150
22173
536
2683
4201
7754
11954
3591
6583
17533
12006
18687
401
1731
3584
4103
7920
167
2879
3825
1103
1615
9801
17626
419
665
1816
3786
5736
8515
2471
6016
15292
13728
7504
12444
352
1004
2115
2731
5349
145
1872
3086
768
905
28997
39240
1718
5283
6045
12508
17057
5970
11750
24286
24586
36110
1163
3793
7148
8136
15876
510
4742
7782
1632
2176
50672
55934
8341
9587
17862
22878
9020
13559
39475
48836
6146
8222
13357
20447
7298
10214
2923
3805
208858
188427
76490
191303
5868
10549
54187
65798
8460
16470
23713
9106
2619
265669
273790
137213
207485
16979
10009
15176
29628
39793
978
4826
7004
9858
14853
4445
5564
1738
313282
262603
169281
27999
17536
12939
46926
56023
7391
13189
21022
7780
11203
2673
830572
715419
37302
46047
5743
10702
18507
545
5754
7568
2203
672333
550562
24943
52426
63150
8308
15220
23165
7714
10895
3039
599963
486352
19686
58055
69090
9243
16651
23785
8800
11235
3067
652841
459808
71289
22919
31967
43460
5266
7119
9955
13444
4870
1917
2274
823633
47164
54238
7707
10516
13978
22097
7902
3309
4586
784612
550243
43465
50688
6589
9085
12170
17709
7021
2431
3617
749904
567860
54715
65239
8563
10512
15940
23758
8766
3481
1392
952
171
23
715
488
32
18
57294
51253
10250
26149
23652
8647
8352
4722
37342
48239
6300
12605
16598
7101
6081
1509
48957
50942
9597
23142
18862
6734
7140
2716
32107
36805
5398
11218
18954
6639
5361
612
57029
53962
1208
10073
23957
26731
7709
7792
3216
40150
52145
6278
13180
16762
7808
9549
2912
59726
11563
28087
9987
6564
42668
13864
9276
3089
26696
32121
1164
7036
13111
19105
6077
6770
2313
1285
20239
26366
741
3056
6681
9769
491
3999
5514
1234
400
35514
14528
8844
3062
26952
4679
8294
4381
59375
11463
30948
11029
6494
45996
2273
7446
15931
10038
3475
33854
44153
657
7132
14370
19334
633
5392
5587
2551
1309
24581
39139
663
3666
79
7471
13013
272
3820
3345
1152
871
9349
8437
247
422
3374
4998
10457
92
1604
1389
68
303
497
2327
3861
60
432
431
729
2428
55
583
1042
9
185
252
17998
29204
391
435
6507
9968
15363
532
3112
3326
147
1454
3262
11544
19102
604
1109
1711
3972
8526
268
2461
2466
680
757
11208
18270
372
3508
6174
12663
190
2025
3801
782
3953
6164
9441
823
2323
3502
1305
1738
437
726
18069
23709
429
4904
9500
13347
3333
3995
2146
13438
19953
595
2151
4798
9512
3244
5163
1112
68
60958
65243
10974
30175
29669
10391
10742
3707
40190
52371
6603
13860
18513
8100
8186
1769
56712
62447
10477
28395
23398
6456
4818
6619
32588
48858
5703
12130
16623
6858
2167
3635
68538
13226
39716
11482
7522
57878
8913
18129
10493
3850
53356
11055
20750
10776
5266
20703
1823
4667
12312
8413
1743
20915
38609
649
6644
186
11176
16597
517
3745
4032
1443
2973
16075
25658
533
2555
172
5381
12161
330
3166
5381
1100
1635
40791
42279
8556
16894
16731
7123
6663
2836
28398
42975
1169
4715
11048
14522
691
6235
7438
1712
51281
10086
21381
9804
30886
1809
5380
11624
6413
47358
62577
9357
17565
7322
3241
35060
46046
5424
11593
6381
1724
59482
26462
7490
35458
6908
12021
7721
2794
51277
10533
27961
10837
4158
21374
4388
11723
3504
2245
74623
84870
1272
13154
21218
41464
51723
11123
20151
2220
856
44894
58935
2042
7039
9119
13001
20009
931
6940
9386
1637
1185
25609
35631
737
5492
8892
14820
31129
361
3718
8255
977
1570
19
12477
16879
766
1838
3069
3685
7572
199
2458
3264
73
775
1144
62190
61212
11277
18446
31773
41673
8395
15632
2519
1584
29545
34854
1032
1889
4624
6390
8879
15538
599
5279
6661
2207
2382
39304
50460
1038
7778
11237
21410
38095
6789
13393
1686
2884
18809
23916
1090
1784
2771
4047
151
6250
11145
521
4183
5639
1439
1889
57716
60249
9705
18304
33257
48452
10945
15740
2391
3254
27839
36005
1954
4475
7558
9094
15488
5798
8145
2807
2444
66813
77131
2121
11999
20851
37673
47856
11105
20419
2733
3142
33750
51581
5248
8286
11113
18576
6180
9164
2330
3257
99738
173426
1506
56118
32890
5904
9875
49
442556
56504
62344
8723
10116
16945
23463
9639
10738
3608
4571
71193
78456
776
31573
74911
252647
122080
18725
27272
4346
5587
236539
386574
57541
68490
9033
10628
16630
23393
9187
10933
3077
3866
24463
55188
529
12207
16452
53829
80998
7287
6845
2095
12237
265454
26253
37867
918
3915
6487
7180
13127
344
3720
5515
1839
75013
113231
1358
39714
64728
305382
21151
26377
5005
8775
303596
394666
45495
56270
7319
8914
13725
21999
7846
8537
3052
3565
46226
95124
1230
26278
53789
251936
113212
18080
24048
4776
17617
301608
536139
36676
49459
1119
5866
7663
10970
18697
6370
8129
2883
3637
37872
93490
734
21592
48663
85476
11733
8214
2937
8764
267750
30958
42620
1079
4900
6716
8954
14367
4798
5955
2261
3326
81170
130568
1410
50914
203985
23399
4842
10710
290815
284977
52104
62840
8081
9800
15755
22951
8310
10599
3280
3756
113617
180800
1737
60205
71852
217318
36755
6285
16436
538608
58665
70174
9217
10840
17281
24096
10137
11531
4147
4937
579
381
1964
301
385
285
55
12
2433
586
359
106
264
199
116
65
16
71
24143
30519
27175
18428
7294
10303
543
7169
4412
8518
17086
14501
16811
607
2277
3890
5237
7046
2823
3496
1023
30
33952
36070
69838
18899
11463
14194
741
8665
7282
9294
7270
16034
26466
94
2644
4163
78
5631
9908
185
2605
3660
478
658
5659
7464
211
2077
4246
2250
1820
2598
1558
790
8
2792
1693
714
1045
5
129
306
369
361
11
150
168
47
59
11469
18739
280
8684
6332
3333
5991
3907
3527
6194
3867
6417
9624
74
1049
1689
2293
4170
107
1254
2177
53
376
649
8717
14671
287
5701
5906
2588
4056
3018
3152
4696
534
3105
5781
73
468
913
1342
2366
61
582
1157
32
267
244
17775
28242
1736
22753
20595
6301
8267
7247
5406
9676
5563
14372
15013
450
2332
3472
5041
11241
304
2979
4276
70
1041
983
14037
25852
26381
16503
4712
7977
212
3744
4877
76
5900
16362
9035
18555
303
1482
3387
65
3418
8149
152
1974
4025
500
801
34978
39909
44448
38635
10332
13224
9185
9079
12316
12314
20612
35091
893
3608
5614
7453
12689
716
4327
6028
1419
42
27144
45558
65552
28362
8618
13955
291
575
8137
9288
12856
19864
22732
31919
1218
3873
6065
222
9173
14765
661
4620
7873
1654
1587
70442
69073
10939
31775
34274
8565
9765
6042
45890
54831
6987
13742
20835
6968
7914
2027
29199
42560
5110
18195
14828
18709
5525
2376
16613
17654
2563
4257
5724
3399
4384
1470
2909
48718
55182
9482
23112
31105
9738
6655
31353
38184
4737
9980
17012
6510
6625
2377
40556
55167
6624
18773
18300
7794
9883
3860
23391
30072
492
3987
5065
7801
15833
5032
1945
63890
64988
11207
27303
13679
17243
5680
6713
39706
55820
6439
11810
19159
6421
2804
43187
40367
951
7634
10504
15559
14287
7474
6110
1716
1994
25973
27476
1036
4144
6401
10298
15340
431
5457
3889
1985
1715
22668
32082
581
3883
4914
7714
12596
280
4783
3955
1156
1356
17305
23670
964
2725
4706
5907
10850
463
3470
5060
1353
1412
64861
10611
18687
9146
3537
36719
6948
16509
8149
29618
34203
877
5204
5896
9673
12392
850
4374
3908
698
558
20883
33107
442
3147
5133
6726
13374
684
2985
4583
858
1020
3089
3773
71
587
634
1264
1983
67
496
972
24
94
205
3
1520
2365
48
188
314
478
1343
31
367
780
119
292
11799
14087
300
1722
2348
68
3932
5685
102
2116
2705
104
520
773
8282
12915
410
725
1249
1789
3078
5436
1702
2774
694
647
6305
8382
184
1013
1131
2184
2937
278
1523
1433
507
240
5092
7752
148
642
54
1901
2518
100
1230
1307
22
398
531
49105
7889
16646
8473
1618
19962
3770
10314
6527
16830
28777
368
430
2716
6531
5864
10408
244
4386
4308
777
1199
12485
22381
652
2128
3846
4892
11643
286
2775
3981
1301
1332
39864
43116
814
7298
9970
12567
16633
6206
6743
1500
2017
24237
38031
3773
7056
9183
16428
5068
5833
2099
3119
47
55819
9521
16538
10171
3220
23270
4688
12578
4610
2710
36315
43049
611
7227
6934
26603
26011
10662
14910
4315
3988
31460
36438
1849
5131
7023
10575
15052
6837
7371
2688
2604
90659
21311
127108
34966
7315
56103
8837
17864
10332
4184
44982
52929
7482
12054
24982
27538
8478
18979
1487
2283
34995
43151
1115
5467
7657
10897
17822
5905
6230
1248
1815
7579
11688
201
1377
1863
3128
9723
241
1431
3603
538
1998
5337
7138
231
702
1443
2277
3681
87
1283
1945
42
491
501
23598
33785
4626
11524
12654
22605
7845
12566
4375
3206
17785
24968
1122
2649
3730
6149
12549
3756
5278
1324
1748
17244
18995
383
1379
3126
6686
8560
19429
295
5530
8206
3871
3246
12810
18893
423
1373
1851
3292
48
4483
8266
377
2965
3840
950
844
76513
20480
98814
31542
8115
48278
8046
16949
10398
3834
34688
47375
1709
6482
14769
18155
34015
12025
13350
4115
2316
24985
38051
1074
4019
7074
8970
17355
848
5322
8026
2020
2944
68992
20147
288760
34613
5353
48402
8191
17076
9587
4410
755
167
23
136
108
439
204
50
231
78
138
1088
979
299
224
573
532
241
229
107
25781
40762
645
5422
7399
10491
13109
5042
3185
3398
2490
30181
33906
1768
4824
6554
10323
13164
5730
7388
1991
1717
32532
34233
929
6938
7578
11745
17813
801
5336
4550
113
3448
3609
32659
42788
1117
5088
6699
9863
17354
462
4896
4570
1277
1782
5838
8874
162
1064
2285
2019
3138
59
1075
1478
442
1006
4751
8054
166
595
1185
24
1819
3054
1206
1350
29
297
481
15453
20980
413
2438
4551
184
5896
9741
197
3011
4357
2186
2398
15135
21093
658
2190
3375
165
5321
9346
3272
3384
1188
1298
11122
15802
198
2213
2660
4560
5555
2105
2050
52
861
1579
10276
12712
261
1372
2490
3572
6044
178
2193
2901
754
767
27
22142
32292
393
4086
6532
7269
14461
433
4166
5996
3457
3796
21346
34014
819
3163
6516
7163
14258
358
4548
5460
1475
2530
42331
53180
7223
9120
13529
21423
7670
6633
3941
3671
40366
53487
2099
6203
9234
13165
18470
6724
9384
2258
2833
46983
55185
7454
14580
23425
7951
10675
4644
42403
56534
7060
13943
21296
7446
10128
2345
55702
50276
2037
8919
9396
17099
19084
8177
2596
54123
53979
8261
16376
19391
953
8870
9182
2448
50815
40208
7708
14791
17151
7778
7543
2013
43302
45073
2335
6689
8615
14682
19919
7170
1559
47795
43451
1088
7705
7851
14652
18206
972
7043
5896
2512
2985
49142
55093
7852
9160
15014
20543
7746
8183
2120
14746
12173
337
355
2165
2334
4930
5985
153
2554
2323
1289
873
18795
24056
223
2906
3989
147
5596
7764
177
3711
4122
117
1263
1247
31678
31983
503
5079
5306
9462
11165
407
5221
4238
167
2381
2040
36331
37204
1170
5837
7222
10920
15390
704
6685
6295
2147
2478
21656
21079
338
3527
3704
6843
7673
168
3975
3617
164
1989
1844
28570
34399
664
1880
4493
5582
242
9340
11660
608
5412
5305
1746
1867
38826
49625
851
6251
7632
11747
18348
320
6127
7305
2862
3468
41928
50330
1625
6945
8872
13082
21744
7672
7399
2783
2123
55264
52884
8580
16639
17922
8055
8027
3766
52920
55225
1292
8041
9822
16369
20933
9135
2947
28133
34676
1003
7341
23966
23722
3161
7473
5011
7414
22430
25231
4429
5357
7904
11641
3009
2889
1405
906
331
362
1108
914
33
24
48
836
750
278
571
429
66
21
41656
48824
659
11015
18706
34209
42561
6637
6947
8828
11402
43906
56346
6984
9408
13464
20402
7227
8126
2136
3291
9720
12125
186
4450
8613
11702
13103
1462
1501
1546
2547
11961
17516
142
1916
2682
4537
7265
2413
3996
1060
1364
21373
28853
970
7186
14150
19417
27652
3287
4425
5097
9599
24897
34924
1396
3897
5893
8748
15060
5469
5580
1885
2240
16293
22499
5713
11557
15433
23294
2115
3463
4100
5686
20533
25314
1094
3109
4848
7082
12868
421
4215
5444
1541
15780
23974
566
5525
11803
13547
24579
708
2322
3597
3134
4072
15331
21233
461
2228
3576
5274
7941
403
3690
5845
1504
1533
25220
33812
1399
7379
14681
22749
33410
4562
8365
5241
15704
31973
46130
1523
5386
7278
11086
15524
6333
9728
2432
42072
51731
10272
17978
41090
34526
8015
9712
10867
46385
60090
7348
14837
21709
9196
10336
3533
4426
44193
53741
12908
42336
42865
8710
7968
12542
21468
50543
60460
7792
15790
23665
8642
10808
3627
8292
12237
367
1097
2051
3222
6427
189
2020
2737
894
634
12740
18301
779
2016
3868
116
5059
10710
412
3270
4966
1843
2565
16786
25433
1240
2622
4938
6730
11701
4013
6261
1959
3424
22460
1028
3581
8655
812
6302
3304
28322
1431
4742
11724
8089
3659
22029
27976
962
3236
5083
7985
14001
458
6201
6631
2474
3076
32159
34467
2216
4957
11631
15822
8312
7995
3841
4182
36909
1904
6131
13995
8144
4372
43855
7224
15236
10134
4955
18513
1260
3141
7710
796
6259
4309
20874
1966
3475
8936
7207
4539
32165
1933
5790
13006
8674
4198
43601
7128
15504
10284
5009
36202
6277
14117
9372
4845
26606
1806
4635
10222
7943
3208
36154
5706
13331
9064
4183
19199
25907
1269
3250
4061
7702
12708
5707
6599
3393
3469
22042
26620
1427
3504
4208
8311
12814
949
6514
7148
3839
2781
9358
14306
662
1774
1392
2878
83
3725
7224
266
2470
4040
1051
1958
4876
9278
237
458
831
1912
35
2263
5081
159
370
1461
2565
74
678
1276
5300
10052
320
850
1979
2354
5198
288
1589
2486
718
1691
16624
837
2805
6776
367
3851
1940
16721
845
2868
7069
475
4256
1705
28108
1350
4868
9954
574
6273
2505
44819
7333
14449
8354
3445
50737
7969
16292
9920
3755
15755
21240
744
1007
2479
3561
5893
10143
525
3809
3818
1786
2421
24411
28682
1376
3784
4827
8779
14168
596
5665
7086
2414
3035
39162
43526
6567
8148
14014
21195
7567
9435
3121
3321
50826
53191
8155
8215
16951
22801
9741
9168
4388
4352
45842
7445
15479
10153
4734
49171
7822
16209
10682
4770
22826
24263
466
3839
9181
8345
737
5909
6073
2033
34131
33573
5300
12756
11929
7906
7241
3470
3527
9237
18009
600
1408
135
3879
8333
363
2791
4232
1446
4751
8869
15318
315
1346
2838
3715
7467
228
3199
4595
2068
2800
10753
19932
285
1737
3530
4721
8483
285
3973
6068
2272
3658
11031
20225
639
1612
1545
3117
4638
9676
396
3796
6960
2524
4370
31578
1080
5928
12678
8871
3945
33907
1331
6232
13728
9478
4200
39254
1677
6636
14637
9797
4296
35867
972
6116
13049
695
6556
2878
31549
684
5681
11822
486
5964
2360
26
42914
1299
6827
14906
7676
3069
51769
1733
8131
16469
10061
3364
34158
32140
1464
5979
13207
13500
9144
9567
4252
3908
35997
34227
6061
13576
14064
8657
9595
4333
40001
32862
6470
14797
14442
9814
10119
4675
35619
1405
6026
13354
9376
3927
33806
5947
12748
9254
4311
44034
6913
15545
10459
4957
42245
6649
15555
9933
4716
26772
1501
4602
10712
945
7498
3915
35990
2577
6330
13592
9250
4800
17042
892
3058
178
7137
594
4987
3223
22289
1133
3949
9262
7215
4189
39316
39031
2647
6478
6803
14441
16795
9822
9810
4728
4520
45342
41074
7211
7011
15668
16975
10644
11423
5077
5300
50551
50856
8297
17078
10886
12094
5462
5443
27852
1275
4911
11183
7248
4004
38370
1763
6418
14610
10272
4624
32087
1334
5581
12790
9021
4603
21541
424
3585
137
8042
478
6342
3599
27087
1640
4464
10759
877
8030
4494
40963
2516
7051
14817
9732
4525
26361
31111
1273
5117
5251
11122
14535
7618
5379
3158
3767
32346
32782
1708
5555
6056
11535
16435
8535
9003
4357
4338
78744
71765
1023
13870
26202
26800
11943
14040
4396
274792
191592
43141
116838
111808
23045
25151
6423
49422
47599
7904
17070
18093
10039
9861
3406
113738
85510
18738
58303
62685
14416
14211
5395
56944
58488
9536
18634
17316
11382
11349
4298
173767
128310
28482
86297
75423
16512
21305
6148
1298
251
287
101
4058
936
2736
2145
57088
8893
10803
5026
77435
14838
16296
17790
50527
8221
10804
4996
65890
12850
15401
15204
61455
9535
11380
5685
93198
14915
24197
19641
48635
7742
9436
3764
59404
10160
12319
9198
11521
913
1751
198
3860
1293
17012
974
3097
6489
4317
27730
4704
8407
3486
32779
6972
10732
8126
22555
1750
3758
7144
3224
29767
6361
9578
7342
64954
9964
12156
6348
95580
15560
16917
15571
13357
1353
2014
5238
2324
20237
1524
4102
8152
5420
28934
4881
10978
5834
60880
14575
22239
39123
6530
9991
4128
50326
9366
12288
9358
52888
8824
11033
3175
93689
16166
24368
23344
54201
8559
11216
5626
69619
12921
15547
14675
33626
5314
9722
6362
66351
13827
22345
17473
59898
9906
19579
11797
5310
82659
13445
25807
13685
6152
75227
11974
23934
13569
5876
88105
13775
26895
14042
6268
90766
14080
27228
14382
5857
62388
9688
20795
11447
4232
53238
8965
18430
11176
5392
59156
9138
19792
11642
5619
84529
13497
26132
13532
5869
85001
13510
26531
13334
4784
59214
2162
9381
19158
10900
4887
69902
11621
22654
12298
5547
90267
14076
27567
14311
6438
65096
2496
10280
20852
11851
5340
87601
13856
27002
13530
5670
45245
1657
8270
16282
9508
4445
56490
9356
18879
10741
5223
56973
9546
19643
11420
5189
66727
11438
23937
12996
5472
75344
12967
25729
14019
5583
82391
13511
26693
13902
6123
52635
8810
17659
10330
4956
67331
10682
21601
12207
5888
61633
9703
19404
11569
5617
90654
14128
27705
14468
6196
85134
13730
26987
14037
6342
85321
13815
26795
14013
6295
1616
354
308
153
86191
13503
13417
6029
62282
9655
11626
5413
77237
13039
13351
5963
75761
12023
12767
6145
68280
10846
12153
5903
86310
1620
13539
26520
13219
3877
54753
2031
8974
18299
9100
2063
67
76357
11738
23235
10037
3264
64441
10259
20805
11592
4055
91931
14222
27879
14568
5229
86025
13520
26487
11960
3182
442
147
373
195
80
608
172
492
187
130
252
7
116
288
132
42
213
142
258
113
78
575
177
427
186
89
747
198
493
218
132
1675
88531
61619
84464
73015
88818
60561
61917
9894
18790
22350
10476
10017
4418
5571
81013
79347
25229
27841
13457
14093
6338
72289
66752
11365
23478
22777
12643
12854
5969
65339
65583
10551
20666
22906
10839
11550
5602
5720
80106
85325
12262
26362
26502
13268
14094
5767
6499
18834
1703
7126
5210
2651
19935
1046
6830
5973
2657
31639
12121
7687
2919
18515
340
3731
8374
4341
2137
64072
14653
11392
28324
4576
3229
633
87391
22057
25722
49272
7879
8860
3771
14376
1480
4603
2408
9497
395
1798
163
2539
137
1622
35506
9852
10805
25898
1778
4842
7151
4124
23495
6871
8301
16173
1621
2812
4416
1942
57437
11064
14446
35838
6317
8062
4249
104415
36516
34045
55946
8622
11056
5768
93808
1529
23082
28256
52495
8742
11037
4951
22473
411
4062
8167
685
4392
2372
31490
455
5080
10804
6942
3234
25774
4617
10201
7614
3391
21298
3336
8466
5382
2535
41139
6705
14492
10155
3135
37792
6547
13778
10257
3962
28240
4725
10950
7604
2925
76975
21587
56486
9951
16256
10422
59654
17477
5705
88631
26596
14603
63870
13073
24881
11889
57691
8926
17175
10857
76052
12444
24878
11772
5112
500386
184343
42585
7696
16240
9927
3528
215761
83741
31844
45963
8990
16252
9098
52850
8981
18707
11192
4427
262997
86194
35863
49645
17018
11070
5296
41195
1504
16289
9889
65103
10865
22920
11932
5465
453991
179366
43532
57381
9908
22179
11257
4387
325661
127891
38144
289362
130759
23853
6373
75625
12136
23394
12826
6071
347324
185647
29019
8101
91267
14167
27513
14142
6242
310307
41375
143359
23976
6630
78832
13862
25976
13541
5908
73669
13659
25000
12383
5306
40933
1669
6860
16436
9831
3581
52489
8512
17870
10724
4623
92984
14482
28534
14743
6496
88001
2598
14223
27698
12669
6116
14122
5791
65709
12768
9301
17759
8571
55289
11160
50447
7681
65649
10712
89271
14069
27921
14384
6479
58125
9844
19650
11639
4757
61773
10105
20442
12020
5162
52147
8776
19711
11554
3336
71404
12341
35509
14189
7157
88015
13935
27316
14409
6331
75858
12025
24267
12998
6181
85198
13859
27151
13907
6212
68295
11089
21577
11617
6017

