62895
53440
18841
100837
106434
13674
12791
37056
46753
7450
9391
12846
21056
7195
6026
2703
3514
45955
50852
12056
10989
44539
39472
10822
8259
30064
39392
5732
7734
11665
17495
6650
8231
2499
3225
27978
61170
11107
10286
27807
46015
8135
9605
5107
32955
45491
5858
8752
9836
18289
3377
1201
2495
2654
4409
199
1953
4231
3581
5441
1508
1755
2831
9924
6192
11515
349
1161
2236
62
2455
4185
466
1657
2896
69
786
660
20555
27019
4288
25875
30045
5633
6989
20045
28464
1203
3243
4609
6469
12811
3035
5948
1391
16408
23017
2946
5130
8634
17666
4850
4395
19355
10826
18667
440
1445
2040
3689
89
4094
9388
383
2492
4270
953
56201
65963
14802
53819
90829
16672
17407
37005
55390
7034
9319
12528
21350
7571
10341
2922
3831
12757
14612
868
2527
4647
11994
19845
2585
4099
14671
9416
13703
443
1474
2582
3204
6311
237
1588
3466
922
25499
28552
8177
37507
47907
10636
10138
20447
21941
4982
7154
8608
14745
5576
7686
2521
20870
47331
7437
14588
27517
37631
7558
10205
5752
23406
39745
1663
4563
6500
8932
16415
4603
7278
1655
2963
89842
43191
19074
18918
82026
158156
12365
16706
27312
44711
35926
7610
9453
13453
22209
7775
8518
3354
4517
286
874
294
960
990
304
773
329
408
478
323
247
171
399
436
138
85
66
96
13913
14083
2473
3834
6001
6668
8996
3484
5387
1608
1413
14801
22814
1517
3601
6490
6872
12029
980
4129
6383
1308
2958
14075
22196
1153
3849
7648
5882
10855
1226
3917
208
631
11345
33792
1095
4173
6700
132
6784
17125
2648
6036
462
1390
340
5612
215
558
1563
111
1025
2753
105
431
1059
369
425
24
1863
91
163
368
1289
1056
1515
85
197
1113
78
237
335
8954
13526
241
1749
2769
2864
7868
641
1287
3401
367
949
10540
14425
588
1968
3306
3924
9323
438
2650
3993
401
1339
4695
8467
562
1065
2173
2524
3019
245
869
3087
523
943
3420
6541
945
1326
1756
57
3108
5561
164
1225
2649
604
976
13008
24768
1245
2817
6916
4660
11838
2957
5888
741
1137
9779
24175
901
2773
5060
217
6022
14802
3036
5944
687
2893
28729
34496
6081
6746
10175
15081
5114
7222
2159
2827
28299
37253
1225
5685
9132
9875
18997
5257
8243
2789
3642
502
176
304
453
812
805
249
354
301
287
813
534
170
201
313
392
219
233
83
93
11335
39033
5733
6195
10980
14273
5975
8210
2670
2233
26331
33823
1920
4959
6862
9304
14744
5618
8006
2476
30960
39376
1513
6576
7412
11550
17487
5363
7606
1218
1222
27621
36703
1369
5318
8535
9460
18658
577
3952
5715
1252
2117
4094
11046
259
481
1241
2378
2382
4086
160
1114
1834
114
731
539
5179
8766
221
902
1934
40
1491
3746
142
1306
1711
493
790
18
14137
26759
914
3020
5745
194
6318
10836
663
3472
4563
1077
2042
14816
22623
748
2803
4823
5257
12521
530
3568
5296
1430
1855
10888
17564
500
2209
4278
4766
8437
404
2941
3696
1438
1595
11249
13310
357
1880
3593
3166
8343
324
2683
3723
989
1090
40177
46703
7028
9431
15056
19549
7615
10204
3104
3131
34565
53628
6568
9278
12100
21106
7026
9360
2540
12788
23692
2525
6855
3915
10364
2763
2913
12023
14496
1908
3969
11148
2333
4316
1646
18598
34035
579
4665
7084
7580
14589
667
4895
4569
1362
2065
19950
29182
1457
4037
7252
219
7477
14351
4282
6666
1395
2659
1203
2518
901
2272
1791
500
510
159
284
451
106
238
296
104
125
129
81
26962
30386
5181
9781
8293
19599
4152
6941
4086
30713
42826
2200
5340
8980
10376
19360
6765
7727
2746
3127
7761
22723
975
2820
4629
6359
11060
3679
4712
1938
15711
25797
3344
6139
204
6113
13896
410
4260
6087
1871
17124
30446
1205
3320
6551
5364
12368
646
2118
4925
2285
7013
16455
34115
783
2081
4065
5919
113
6819
13656
1977
6899
690
1594
1077
4025
168
375
519
1272
830
2162
73
234
330
1770
14
76
2077
408
1509
75
279
1224
80
546
1496
48
42
1241
18
180
456
5
8402
15060
727
1635
2986
3527
5715
455
1647
3891
1981
3997
10131
16248
468
1340
1677
3341
3428
8067
202
2329
4237
607
1742
5357
10804
288
969
1250
2313
2364
3894
194
1296
3071
1160
4049
4220
9296
431
871
1203
2194
140
2133
3710
162
1235
2741
665
879
12584
22044
883
2423
6063
212
5061
12684
468
391
5399
3189
5614
10310
26247
729
1179
2662
5565
4404
12048
294
3113
6521
1492
2562
22431
39252
4570
8833
8011
15132
5168
7426
3507
23603
36432
1414
4678
7794
8523
16697
5161
9829
2502
4119
163622
124038
40498
21495
20192
8729
12375
40740
58549
8555
15861
21104
7964
10322
3570
144525
143402
46866
49860
21861
32131
14481
43598
55626
7834
9287
14934
20156
8392
5752
2901
4602
97019
41059
13184
11407
53908
9379
17045
9703
4064
89232
115738
27172
34805
14782
13874
2623
3661
41680
48600
1234
7917
9707
14057
21372
859
6980
9690
2086
2015
114455
46823
23345
17654
27715
6354
11722
8279
2754
15366
29525
756
10895
14504
3385
5265
819
2513
13524
28842
225
2804
5450
4341
8888
2296
4006
1281
1220
88770
78247
30192
31119
9588
17295
6784
7068
30775
45535
5840
7768
9704
18342
721
5167
7432
2275
3436
67548
67167
1646
21273
27195
7485
8306
7766
6763
19779
34024
4273
6935
7157
11903
4207
6581
1574
2488
100653
90705
36211
33272
16372
25087
16244
33745
45168
6308
7869
11246
20227
5988
9830
2632
4039
143729
69319
19760
13310
32789
8574
15544
7942
3939
87366
24355
5486
14200
5560
12498
6634
1700
90714
115136
37497
33741
14550
15850
9491
17128
36413
51028
1441
6579
8794
11469
19483
5769
9172
2708
3511
117562
56603
13502
9304
37444
8528
17140
10321
4432
193269
202196
48521
61644
24115
38702
31221
22798
52456
57922
8746
9736
16093
22318
8051
11050
3126
4719
181
178
2
87
95
126
122
81
18
718
45
99
31
51
150
148
284
50
59
68
28
32485
39753
22510
19779
19027
7045
14602
27716
27661
5810
10860
16800
449
4604
7901
990
23506
31046
2198
32512
22277
11695
11382
13344
7798
26649
21734
28445
1229
4030
6397
6822
13504
474
4318
5343
1493
2734
17748
27999
50982
13070
14816
14215
10606
8021
9684
20920
32730
1030
2095
4534
6766
239
7245
14269
3553
5232
1250
1368
1404
8262
332
242
1506
6586
2001
4391
193
170
1924
2629
563
3633
180
2646
114
248
432
761
592
1669
56
363
987
55
128
358
8
11592
20278
1779
5632
6257
7106
9748
6425
7900
8309
8970
13393
1061
1796
3488
3601
5799
333
2030
2912
652
1164
6875
8738
788
3794
22612
3470
5614
637
2718
6349
4502
13896
5280
8955
167
603
1130
1411
129
1626
3551
140
1452
2435
64
460
709
29568
42229
14156
11877
17338
9199
10177
12636
22611
3149
6702
15694
4589
7359
839
34748
54406
13890
18067
16636
33374
32390
42589
5496
10825
17555
6477
8995
2171
13286
21770
498
9373
44891
6981
13447
981
8951
29425
2660
13804
11041
23636
621
1905
2695
6153
167
5266
10494
2950
5558
936
1706
29945
57666
15737
20302
14208
17854
23681
38526
1306
5286
8194
9816
16989
6607
9855
1678
3597
3093
14402
719
3319
4826
13887
365
2420
1871
1901
3124
3329
5340
1158
49
2811
3458
954
36
235
535
21460
24087
6291
11638
19276
5171
7947
5200
5894
14572
22027
2784
119
5546
11849
2516
3495
917
1179
40
13274
18771
4872
237
7400
13087
4306
6047
2868
5794
7951
20731
552
2127
3591
9670
204
2825
2037
79
1198
33277
43048
1083
9645
25420
20080
16356
7515
5591
13902
19973
42063
50615
7096
8589
13640
18364
8074
6317
2353
46292
11913
38314
8388
47797
15870
4645
25411
24844
1856
8158
23856
13637
32272
3714
6115
4809
9410
17281
32534
2242
5308
7878
8805
14177
5804
6776
1692
3294
47708
17405
7602
35841
8758
11730
3037
44863
61861
11866
40026
9916
13525
51044
50513
8266
17024
21574
10207
1911
21801
39371
9181
21994
16352
32117
6562
6132
2806
9461
23787
41726
5649
7145
9654
17309
659
4529
6449
533
1359
4406
12344
181
583
1841
6246
2923
7353
117
256
1708
143
594
702
3326
7268
109
1041
1736
1663
3522
108
1292
1268
56
390
654
35
16355
22912
1078
4510
14737
6417
25603
3351
4971
2960
4715
14363
22746
976
2788
4710
5341
11257
546
2674
5640
1389
1619
12227
20107
615
3125
9506
6196
21182
122
2133
3651
1836
6868
9921
16194
439
1985
3455
2975
6296
1948
2812
799
1581
20467
26453
1511
6659
15432
18286
30389
4286
7168
2685
11904
20547
30811
1495
1810
4132
6591
187
6947
13452
597
3877
6354
1409
2373
30690
41941
9153
25391
28782
34542
6816
9320
5697
39735
51552
2224
6642
8428
11763
19207
7538
8677
2165
3197
43382
133971
59807
92560
8772
69961
42126
20751
34299
44731
1667
6561
10692
18561
5429
7081
1732
20295
17260
885
5503
13244
22617
20226
6701
11662
39030
23434
16867
7773
11251
1801
2653
8502
1290
2765
284
26823
42126
60419
49804
43363
7714
69166
176913
37799
11240
20497
28183
763
3714
5791
7586
13562
4922
5768
1891
31703
26821
37986
28646
40555
26189
14319
46113
95161
33648
4711
14061
14241
2914
4525
5757
10238
2187
1765
1784
44738
54658
81460
91198
60127
13752
108553
22748
19096
41451
4265
9328
17838
756
6414
2352
2591
1540
932
6609
5892
697
807
432
280
1023
935
293
179
534
441
74
158
62
61883
91382
1767
15352
22509
79368
66971
5096
11964
3664
5707
28250
45772
5953
7373
10932
14899
5644
8148
2528
31332
79916
1368
13339
21652
39710
58951
5107
6726
159
1847
4008
27748
49010
2221
6178
8775
10927
19898
926
4600
6605
1569
2668
11171
20828
666
3578
6471
6814
9624
986
6191
482
797
874
11695
321
675
1371
2362
2585
6413
209
1971
2819
808
951
17065
33734
813
5626
7001
26328
1415
7508
2397
10086
15484
1674
3640
3550
9438
1781
1230
26865
70346
870
8771
18227
41975
48562
4947
9847
1485
7829
19782
27641
1226
3546
5864
6437
12992
565
4178
5789
1675
2662
21594
40614
1348
5675
13490
21927
23633
4079
7958
2188
2745
12048
19641
1721
2562
3592
4595
9092
3128
5360
1357
2644
36161
68626
7899
17350
42172
59170
5891
2895
16928
27469
3239
5526
10802
4188
5907
1623
46510
116030
15217
33641
105734
127102
9664
13275
5357
23610
48043
4382
11166
19072
6076
2844
3752
85574
117193
15246
29333
95753
83283
8480
5921
8457
32527
54094
6911
13884
20087
8355
8512
3044
23874
43170
7302
33453
47299
4419
14392
2050
13514
12710
22685
759
2021
3957
3545
9726
2604
5751
1317
40443
92568
2656
10967
22760
45255
81127
7862
15141
3655
6676
25503
35766
1913
4654
7939
7727
19691
5647
7574
2009
3346
3045
5644
212
1364
7799
1687
4152
2040
2507
327
1125
2022
250
590
2254
19
989
203
518
18025
17427
911
4508
10814
6876
14438
847
3262
3409
1849
10601
21443
1798
2300
4959
9195
590
4053
843
1369
7533
25292
686
5550
8924
190
8142
15215
842
4840
5630
2018
2001
9504
9202
354
2741
5484
4378
10640
696
1757
3555
402
471
164
3605
1021
404
2412
604
3628
129
147
2026
66
261
34
292
39
135
300
12
229
396
76
68
302
15
13
163
5487
11279
1271
2267
7873
3964
10410
326
2722
4391
996
965
4687
9957
183
958
1717
1698
4498
115
992
2182
383
1010
4037
9174
1137
1210
3955
2500
7637
1196
3931
106
407
717
1196
6364
688
493
1087
16
938
2082
65
613
1335
333
707
14
2908
5974
371
853
6287
1771
3907
820
2488
141
271
37
1227
3007
100
211
434
451
1620
329
362
1065
77
630
6359
15122
471
1335
3321
9190
5102
13423
511
4016
5923
852
1422
6093
15218
586
1600
3572
142
2726
7557
276
1526
3940
581
1393
17980
22734
1107
5149
17642
11134
25306
5142
10559
2750
15492
32744
1067
3680
7013
13498
3526
6079
1479
2647
34529
38237
8524
19390
14110
30466
6303
10383
3252
22390
39273
3875
7802
16464
3681
9347
1659
1830
160377
139212
4839
6035
50226
59728
8100
14157
22199
8207
1719
74161
163702
9370
3334
6203
12655
28505
3279
105
5927
10742
3167
4184
900
177385
393925
41854
4207
11699
33427
49712
2024
5629
9715
19215
5053
1823
3864
93953
153961
5729
7376
23079
41457
1557
4299
8182
7525
17173
4780
6003
1814
193746
384755
49357
29105
6277
14989
38713
56469
7137
11974
22617
7302
9238
2419
3070
5131
54063
63451
8918
15728
23647
8778
11255
5251
7182
20245
43924
655
5238
8164
16458
4230
6975
6577
42609
43092
7580
9732
12402
19962
7976
9006
8288
9065
35420
47570
6282
11285
18193
6260
14629
47969
51369
7971
13148
20226
6199
12025
18308
49419
57798
8388
14640
23531
8761
1605
1771
406
382
1448
1224
534
232
148
1131
1228
306
291
638
636
271
293
132
8721
20579
228
6162
8865
10542
15302
593
2121
8526
2770
3138
33
38212
25384
1567
6607
9009
12279
16177
6166
7135
2102
2835
2608
18766
463
540
2246
3669
74
3619
5904
200
974
3410
128
878
1863
10309
18462
397
1966
3560
3124
6731
188
2090
3279
51
1064
1676
23213
6284
1412
4638
7083
7480
13040
539
4673
5560
2306
5237
22989
33041
1167
4296
6837
7237
14416
570
1962
5593
1641
2458
18421
25588
416
3338
5394
5362
8838
386
3704
3990
151
1514
3797
14828
23521
898
3134
4345
4981
10356
385
3997
4931
1399
1955
22137
35237
946
5688
8451
9788
14766
853
3424
9460
2695
5607
29198
43609
1726
5621
8192
9334
18831
879
5688
9156
1941
2996
205631
195943
77534
77807
17846
30826
39600
40337
6925
13205
17742
6655
2424
34728
107609
932
28170
28153
42735
4736
8400
2860
9098
15028
20750
2269
4120
7317
2540
3157
962
57154
162779
77571
50587
56350
11961
6826
24019
29344
2247
5006
5154
8091
11689
615
4451
5832
1708
2273
59700
141283
22322
38532
47703
13725
15516
6981
9807
18645
23708
487
3582
4940
6237
10639
3423
5455
1535
134056
176079
61456
61226
14868
28109
50263
1789
5666
11499
17290
6292
6996
2492
1128
641
431
390
913
1265
548
143
248
1125
937
204
560
543
221
191
105
79961
82939
16563
30486
40144
7815
18187
3855
50240
52606
8268
9654
14267
20106
8092
10253
3338
80683
71227
16182
15869
28745
41352
11586
13269
3987
3532
43881
48908
2264
7773
14540
17607
7067
9338
2342
3109
48725
48383
12217
10409
18004
33777
9107
12123
2908
32585
41942
6024
7886
10832
13115
5937
8054
2571
2953
46382
47928
1839
12109
11538
17504
27089
6176
11833
1890
2730
34252
48452
1370
6229
8606
10562
18536
777
5977
5666
1494
2822
9690
2606
724
2881
6537
3996
11092
634
2437
4354
105
729
2055
8124
12567
350
1500
2417
88
2946
5151
174
1267
2814
171
669
883
31094
38555
2268
7469
12310
11743
32393
6084
10014
1059
2217
19895
30578
1267
3756
6352
6475
10264
4243
4752
1624
2156
18614
32056
1372
5833
8031
10101
23666
4954
7360
1824
3367
14109
23518
598
1297
2460
3827
85
4539
8745
322
3001
4217
1313
18260
26536
2201
4621
7100
8514
15256
3769
6612
1183
2356
11311
16299
390
1847
2591
92
3413
7609
2448
2822
1140
30656
48045
10921
13221
14592
35040
6374
12410
2446
3672
25764
40928
1846
4754
8240
9386
15898
5154
8393
2059
2361
80
58635
74546
13852
15563
21348
37643
9801
14323
3075
3810
42011
49872
7516
9016
13765
20474
7187
9768
2820
3473
69263
78282
14736
19250
23629
39000
9324
13986
2548
43658
58511
7810
9792
14446
22327
8000
9807
2974
4165
476681
183830
47421
62559
15201
22478
8172
9611
2337
116959
116956
77124
63985
27641
4866
23898
23624
30939
869
7022
12095
4021
1583
216198
308717
240221
15842
39095
52248
12171
18840
910
7077
2080
217067
256634
202863
15628
28916
49735
9937
14835
560
5341
2475
536796
630778
43608
56590
13352
7334
4788
178435
98848
185775
24696
4468
4393
51473
63841
8777
10843
15418
23572
8692
10234
2587
73474
76692
51607
74097
11759
4872
7651
20824
41844
4347
7260
7337
12926
4846
5089
1875
208568
357658
196124
12721
16763
39777
53163
7195
9212
12183
22137
6861
9979
2972
84955
418930
206026
13596
35001
39219
6120
8406
11068
17908
5827
8579
2553
198146
531143
48930
61753
8171
10143
14210
22751
8357
11127
3174
4709
1380
51319
1531
5907
9862
10055
19663
3721
13121
2039
2289
25783
50656
1361
5577
8651
8993
15972
3717
6569
169
1669
2617
3498
10358
155
842
1461
5033
1956
4933
219
774
3592
250
788
6087
11334
244
473
1122
2169
43
2112
5072
124
1233
2711
83
723
1076
10639
23175
569
3417
5897
5650
13956
638
4191
5227
1335
76
16820
28868
825
3062
5723
5315
8759
566
3092
5699
1590
12543
19583
523
1371
2506
4760
4316
5951
337
2883
6111
833
2483
57
10320
20638
653
1971
3373
81
3722
8104
353
2498
4488
1265
1857
10745
32776
4451
7786
7065
17189
5174
8938
1539
2863
20944
41302
1305
4147
8178
7275
12998
699
2654
5802
2138
2938
30823
46637
7163
10162
11596
21364
6156
11251
2379
4029
36373
45054
6578
9622
11857
17905
6117
9167
1868
4236
43419
49701
7451
9353
14073
20470
8547
14276
3001
32833
52979
6314
9476
11742
17502
6920
9819
2959
21007
33198
689
7257
9329
12615
17473
2321
9835
6139
15947
23008
40051
1136
5486
6941
9040
15510
479
2873
6065
648
2108
45
624
3358
171
190
822
2709
2005
2991
378
895
3214
1191
4710
1431
8296
150
705
1918
1412
3625
116
808
2582
95
467
732
15213
22600
541
3317
5066
7201
12504
3738
8693
5763
5031
12055
19991
256
2452
3853
4688
10253
274
2998
4338
1045
1853
7191
18481
536
2094
4201
3917
10137
2642
6181
7877
8077
15670
401
1630
3404
3717
5610
167
2255
3438
938
1615
7309
12044
419
665
1525
3786
4076
7376
1972
5632
9057
13728
5230
9804
352
916
2110
2400
5082
145
1514
2307
625
905
16013
34101
1718
4319
6045
8185
14537
4226
11424
18751
19152
30746
1163
3566
6806
6977
14487
510
3751
6549
1512
2176
29835
41947
7945
9587
13451
17093
7811
13250
33459
41377
6050
8222
10506
20223
5077
10214
2766
3805
108496
188427
71029
191303
3786
8769
46550
64522
8374
15743
23713
8187
2619
90159
220298
92700
207485
16979
5884
13506
22359
33743
978
4414
7004
7409
11115
4119
5564
1378
165079
145761
108083
27999
7477
11698
40775
48251
7334
12382
21022
7575
11203
2673
240706
460025
32941
44633
5731
10040
18507
545
5344
7568
2134
239816
550562
24943
44227
62622
7988
13867
23165
7584
10895
3039
184253
257757
19686
49324
68485
8816
16016
23785
8697
11235
3067
197705
199199
71289
22919
28869
43460
5266
7119
8934
13444
4080
1917
2274
489474
42614
54238
7707
10516
12919
22097
7828
3309
4586
632063
550243
39305
50688
6589
9085
11021
17709
6712
2431
3617
529992
567860
52170
64573
8563
10512
15552
23758
7967
3399
300
629
171
23
605
384
32
18
47020
46586
10250
23995
23652
8096
8352
4417
18093
30106
6300
11118
16598
4521
6081
1509
41303
34678
9557
17622
18862
5095
7140
2716
25112
28599
5247
9656
18954
5815
5361
612
45990
52956
1208
9532
18009
26731
7555
7792
3108
36096
46742
6259
10699
16762
4641
9549
1805
55046
11563
27540
9987
6564
41828
13284
9276
3089
18411
30896
1164
6712
10112
18317
4779
6770
2177
1285
16990
24386
741
2949
4896
9705
491
3415
5514
1150
400
34342
11873
8844
3062
24864
4679
8294
4381
54091
11463
29334
8705
6494
40862
2273
7078
14330
7036
3475
14994
40175
657
7043
12449
16902
633
2562
5587
1560
1309
19018
35111
663
3652
79
6818
12610
272
3119
3345
611
871
1874
2023
247
422
1295
1780
7622
92
563
1389
68
157
497
861
2649
60
432
246
500
1811
55
396
1042
9
125
252
1108
15609
391
435
4735
6479
12574
532
2045
3326
147
892
3262
7939
15788
604
1109
1520
3340
7731
268
784
2466
446
757
9417
10878
372
3431
3310
12663
190
643
3447
559
3953
5232
8933
732
1760
3502
955
1516
356
726
12473
21910
429
3881
7281
13181
2237
3995
1585
10015
10143
595
1887
3449
7780
2166
5163
1112
68
51421
65225
10083
26251
29669
9953
10742
3707
25375
48456
6536
11716
18513
6320
8186
1769
35157
53067
10000
21447
23398
4169
4818
6619
26130
48822
5700
8154
16623
6253
2167
3635
66939
10697
38880
8895
7522
51430
8913
17258
10160
3850
45051
11055
17915
10093
5266
8598
1823
4667
9777
7323
1743
13826
31778
649
5333
186
7142
15245
517
1624
4032
428
2973
13173
22513
533
2242
172
4449
11322
330
549
5381
932
1635
26819
40765
7259
14526
16731
4011
6663
2577
24508
39655
1169
4297
9333
14522
691
5073
7438
1567
47917
10086
21381
9804
29079
1809
5380
11250
6413
35430
46074
8661
13975
6312
3079
21085
45475
5287
10155
5705
1711
57687
22519
7490
34886
6908
12021
7721
2794
26093
10533
14769
10715
4158
9766
4388
10123
2297
2245
49194
46867
1272
11478
21218
25903
44567
5193
8818
1536
856
33665
49870
2042
6807
9049
11478
19142
931
5492
8889
1445
1185
7291
10598
737
3865
5449
6840
15809
361
697
2845
711
1570
19
9702
13732
766
1691
2973
2961
6775
181
1275
3072
73
546
1144
42093
51263
9594
15051
22601
39069
3902
13320
1444
1584
16162
29074
1032
1889
4458
6390
7121
14318
599
4268
6616
1548
2382
25171
43141
1038
6109
11237
15036
18049
4455
12500
1330
2884
14824
23046
1090
1784
2627
4035
151
4597
8548
521
3014
4018
1274
1889
45033
53834
8854
18304
21899
47720
8297
15740
2391
3254
20519
33299
1954
4357
7558
7946
15057
4567
8145
2613
2444
36150
67447
2121
10868
20390
20191
33262
4929
17178
1763
3142
26303
46584
5053
8286
9234
17902
5213
8877
1666
2788
81655
130599
1506
56118
25246
5075
9875
49
318532
45388
57256
8630
10116
15356
22338
8644
10237
3123
4571
3874
35731
700
22772
24716
53930
94841
11785
27272
705
5587
173760
195891
48734
63068
8744
10483
15284
22580
7585
8948
2691
3866
1640
40998
529
10475
16452
16599
41692
3041
6845
955
12237
145043
19307
24713
918
3877
6487
6718
11397
344
2285
4465
1647
46650
96353
1358
16674
64728
93870
14214
25956
4914
8775
279865
394666
37355
52171
7079
8914
12295
19917
6366
7820
2319
3565
34904
59528
1230
18344
53789
77516
113212
5992
14185
2778
17617
166453
536139
23602
46196
1119
5603
7663
9401
14394
5148
8056
2269
3637
26764
62217
734
15451
48663
55293
7693
8214
2293
8764
243352
27025
42040
1079
4664
6716
7603
13807
4116
5414
1848
3326
50063
97827
1410
27080
92386
14118
3480
10710
259066
284977
46858
58436
8005
9800
13817
21355
8065
9232
2638
3756
89073
150768
1737
30692
71852
217318
28369
6056
16436
332546
54826
68352
8958
10840
16423
23800
8626
11436
3970
4937
149
275
1167
301
189
223
46
12
2433
262
253
62
190
199
89
65
16
71
17811
21399
10982
18428
6388
9377
543
4487
4412
2578
17086
9996
12689
607
2089
3890
4116
5844
1470
3496
880
30
18271
29970
34312
18899
8975
11793
741
5286
5978
5929
7270
386
19094
94
2482
4163
78
3760
9245
185
1294
3062
280
658
742
4133
211
2077
1532
2250
1003
1579
449
531
8
2028
1693
1
207
5
75
306
136
174
11
17
85
38
59
7964
16308
280
6189
6332
2655
5194
775
2643
5259
3867
2608
8128
74
881
1689
1405
3075
107
901
2002
53
103
649
5710
11870
287
1530
5906
1823
3081
1613
2344
3283
534
1713
2050
73
316
913
694
1570
61
178
786
32
178
244
11523
19171
1736
9343
20595
4280
7120
4796
5252
6104
5563
8597
11443
450
1999
3472
3753
10611
304
1784
3417
70
846
983
3741
19030
8766
16503
2957
6294
212
666
4137
76
3795
16362
5469
15404
303
1277
3387
65
2161
5761
152
1260
3165
319
801
19757
32189
23993
38635
8598
11979
5865
9079
11395
12314
13562
28003
893
2957
5614
6005
12689
716
2958
6028
831
42
16847
34243
33647
28362
6361
13699
291
575
3936
7071
9553
19864
14379
22596
1218
3398
6065
222
6851
9417
661
3428
6502
941
1587
44593
66488
10939
24889
34274
8520
9765
2436
40586
54831
6987
12530
20379
5176
7914
2027
15214
42560
5110
18195
11686
16229
3703
2376
13862
17654
2298
4257
4593
3332
4384
1470
2909
41347
55182
8138
19933
30199
9091
6655
26395
31456
4737
8704
17012
6151
6625
2377
30225
52592
6624
18773
16724
6363
9883
2568
17344
30072
492
3987
5065
7518
15833
4646
1945
56044
64988
11207
25189
13302
17243
5680
6713
31410
53480
6295
11615
19159
6242
2804
22853
37971
951
7347
10504
11565
12429
5928
6110
1626
1994
14007
20453
1036
3843
6401
7739
12726
431
1487
3889
1749
1715
13382
16993
581
3285
4914
5454
7760
280
2784
3804
960
1356
12685
16906
964
2420
4706
4917
8441
463
2425
5057
1000
1412
49693
10611
18375
7799
3537
25785
6948
14912
5038
17196
31311
877
4683
5896
7036
8707
850
2348
3640
515
558
11597
25274
442
2982
5133
4705
8688
684
2134
4300
640
1020
1009
2530
71
344
634
570
725
67
245
636
24
27
205
3
453
719
48
165
314
259
1030
31
23
588
88
292
7041
9225
300
1596
2348
68
2363
3818
102
1649
2661
104
143
773
5936
9644
410
725
1106
1789
2221
3751
1400
2317
573
647
4316
6111
184
765
1131
1291
2199
278
711
1169
188
240
2200
3088
148
572
54
1489
2013
100
795
1218
22
322
531
33715
7889
16492
8473
1618
14367
3770
8005
6255
10248
16656
368
430
2371
6531
4109
9313
244
2481
4012
736
1199
8388
5638
652
1705
3846
3005
10526
286
849
3320
1042
1332
23319
38397
814
6197
9970
10022
16087
5244
6743
1500
2017
19240
27341
3752
7056
7365
14904
3977
5833
1921
3119
47
31396
9521
16392
10171
548
12779
4688
8034
4610
2710
16474
38864
611
6249
6934
10683
23059
2787
11543
2798
3988
17886
33746
1849
4874
7023
8199
11516
5581
7357
2369
2604
51107
16448
30403
17906
5769
37869
8665
16545
8052
4056
14399
39695
6999
12054
12887
23011
3697
5501
1055
2283
25720
39145
1115
5334
7657
9463
17410
5098
5634
636
1815
4396
9360
201
933
1863
1493
4361
241
317
2529
158
1998
2080
1430
231
653
1443
1123
3155
87
1144
1543
42
413
501
17743
20454
3977
11524
8760
19550
4914
9726
1520
3206
13890
21006
1122
2496
3730
4812
10782
2866
3391
1267
1748
7995
12882
383
1379
2585
6147
4262
7822
295
2723
7631
646
3246
10584
12263
423
1373
1701
3159
48
3321
7092
377
2318
2971
827
844
20869
16471
29310
13515
4076
20337
7475
14011
7835
3443
6715
34361
1709
5544
7744
10037
16197
5780
10894
1988
2316
16586
26020
518
3658
6976
7003
14960
848
3419
7656
1522
2737
9403
16979
111272
12421
4594
26305
7808
15094
5690
3363
195
141
23
74
108
254
202
50
117
60
79
666
676
262
224
446
375
159
214
70
16720
26422
645
4125
7399
7123
11912
3404
3185
2500
2490
25586
28820
1768
4590
6554
8030
12706
5048
5093
1670
1717
20981
12848
929
5724
7578
8233
14699
801
2154
4550
113
1334
3609
15564
36872
1117
4885
6699
8089
15643
462
3885
4570
619
1782
1693
6122
162
681
2285
1319
2237
59
575
841
135
1006
2477
5914
166
543
1185
24
844
2842
624
1350
29
218
481
11275
16260
413
2290
3524
184
5089
8024
197
1836
3476
2019
2398
12630
15848
658
2063
3375
165
3665
8527
1913
3384
925
1298
7808
10214
198
1469
2660
2414
4342
1234
2050
52
627
1579
8330
10670
261
1341
2431
2888
5302
178
1821
2358
643
767
27
14490
27236
393
3350
6532
5932
10393
433
2497
5271
2966
3796
17762
25738
819
3049
6516
6238
11441
358
2997
4956
1366
2530
27004
40608
6981
9120
11799
18521
5301
6487
3431
3671
30511
45758
2099
6098
9234
10930
17500
6281
8865
1737
2833
38476
53985
7411
13841
19870
7701
10675
3668
36701
55217
6710
12046
18946
7005
10128
1894
51966
36304
2037
8919
9396
15962
19084
7955
2596
47147
53979
8261
15450
19391
953
8867
9182
2448
45905
40208
7708
14503
17151
7052
7543
2013
38455
44822
2335
6689
8615
13166
19919
6720
1559
35502
36168
1088
7288
7851
12444
17096
972
6205
5896
1827
2985
41316
43110
7493
9160
12813
20419
5197
7814
1469
6013
8038
337
355
2054
2304
3402
3224
153
1570
2074
830
873
8140
14400
223
2630
3648
147
4107
5874
177
1979
3989
117
415
1247
22445
23240
503
4828
5306
7847
9185
407
3251
3988
167
2036
2040
24730
34913
1170
5526
7222
8997
12761
704
5724
6031
1850
2478
15035
16874
338
3135
3549
5544
6098
168
2000
2627
164
1481
1844
20219
25026
664
1880
4254
5469
242
7911
9075
608
4051
4408
1043
1867
29511
43979
851
5920
7632
9732
17212
320
4231
6316
2279
3468
33320
30659
1625
6534
8872
11353
19430
6700
7115
2368
2123
52730
52884
8580
15197
17922
7424
8027
3766
49413
53674
1292
8041
9822
15932
20933
9115
2947
21195
30110
1003
7150
19094
23722
2852
7473
5011
7414
6347
25004
3440
5357
5141
11641
1217
2889
1405
228
331
362
1079
914
33
24
48
529
750
278
473
429
66
21
22019
34952
659
8168
18706
25975
32558
5250
5700
5419
11402
32331
49147
6718
9393
11284
18220
5526
5112
1639
3291
3178
874
186
3332
8613
3980
3039
689
1501
371
2547
7328
11977
142
1574
2682
3763
6551
1801
3996
959
1364
16343
25540
970
6163
14150
14293
26477
2071
4425
3490
9599
19249
28778
1396
3729
5893
7658
13047
4440
5580
1266
2240
10706
14616
3018
11557
12216
23294
1640
3463
3361
5686
16212
22300
1094
3030
4848
5465
9030
421
2919
5444
1541
10873
21476
566
4644
11803
11835
17458
708
1879
3597
2172
4072
12620
20550
461
2163
3576
4644
7846
403
2994
4815
1235
1533
15414
27794
1399
3732
14681
18284
31633
3544
5570
4471
15704
25153
41924
1523
5132
7278
8291
13786
4245
9382
1974
29775
39036
10272
17978
26393
34526
7403
9712
10867
34439
48928
7179
14065
21709
8287
10336
3533
4426
35012
40718
11593
33583
42865
7458
7968
11867
21468
46368
55005
7715
14376
23526
7554
10808
3592
5576
10908
367
1030
2051
2198
6003
189
1468
2660
722
634
8527
12501
779
1706
3290
116
3483
7156
412
2223
2894
1227
2565
12894
19002
1240
2398
4938
5137
11434
3263
5267
1688
3424
14106
716
3241
5355
812
3828
2173
23064
1209
4350
9192
6586
2640
7857
20689
493
3172
5083
5768
12934
458
3852
2148
1977
2051
23299
28212
2216
4864
8943
14391
6280
7551
2928
4182
17817
1420
5657
10235
4855
2582
37619
6910
13999
8549
4508
12776
530
2728
4984
796
4042
3171
18586
1966
3315
7753
3813
1401
23500
1933
4939
10786
6929
3935
35124
6701
14333
9390
4611
32614
5796
12562
8837
3717
16429
1471
3911
7033
4125
1568
29260
5464
10459
7376
3118
11022
18170
646
2734
3844
4330
6893
3841
4943
1652
3456
17234
26124
1427
3385
4208
7817
12725
949
6007
7148
3593
2781
6187
10111
513
1774
1194
2761
83
2062
5644
266
2048
3647
740
1350
1528
5085
157
458
571
1313
35
866
3057
109
370
353
1506
74
194
590
3980
9359
320
841
1979
2063
5167
288
1463
2486
679
1691
7613
751
2435
4338
367
2848
1490
10255
845
2568
4184
475
2449
1325
13190
1105
4294
7127
574
4265
2143
28634
6786
11861
6558
2762
34125
7702
13436
7475
3170
7347
12247
534
1007
2161
3180
3983
6832
473
2027
3284
1157
1963
17650
23166
1084
3547
4827
7006
12795
596
3904
6400
1817
3035
21237
40532
6000
8148
11071
19104
6090
9435
2945
3321
39792
49977
7845
8215
14567
21780
8197
9168
3446
4352
37665
7108
11830
8767
4397
45552
7549
15598
10406
3586
14915
22813
466
3300
6986
8345
737
4557
6073
1173
14155
31492
5187
8796
11929
6711
7241
2784
3527
5703
13743
600
1357
135
2432
7844
363
407
2730
907
4751
6437
12301
315
1168
2838
2513
6167
228
1688
4219
1572
2800
9459
17899
285
1508
3530
3648
7258
285
3437
5049
1310
3658
9293
18539
639
1612
1438
3117
3902
8957
396
3462
6265
2160
4370
18532
472
4805
8923
4263
926
21362
1202
5128
8425
6786
2889
31988
1677
6094
12808
7867
3695
22688
972
5456
9355
695
5113
2300
20417
678
4901
7923
486
4352
1987
26
36573
1299
6505
13414
6129
3023
43082
1733
7863
13861
8664
2882
21442
16262
585
5225
9716
9907
4088
6544
2284
3908
31231
29976
5413
10662
14064
4420
9595
3689
13824
31887
6224
13362
14442
9267
10119
4437
27118
928
5350
9336
6939
3083
21788
5419
10728
7173
3733
33591
6667
14388
7943
4268
29623
6639
13054
4767
4263
17642
822
4034
6824
752
4123
2664
27248
506
5606
10717
5903
4348
7279
667
2349
178
4496
368
2546
366
17616
1133
3718
5949
5435
3836
25963
37785
1549
6042
6275
10354
14291
7752
9019
4136
4520
39700
40499
6882
7011
14327
16975
10075
10778
4771
5300
43171
50856
7901
15676
10223
12094
5249
5443
16672
1275
4185
6769
4505
2335
32891
1763
5951
12843
9129
4219
22535
1334
4970
11222
7483
3198
11420
424
3156
137
5110
478
2566
3310
21777
1075
4077
8571
877
6410
3641
35596
2516
6231
12989
7096
4293
21546
24417
1273
3905
5251
8195
13643
5432
5379
2743
3767
20254
26902
1624
4915
5240
8276
15178
3313
6528
3149
4338
58262
71765
1023
13491
24517
26800
11458
14040
4396
134130
191592
39264
107831
109376
18462
25151
6368
45407
47599
7642
14954
18093
8769
9861
3406
77419
85510
17916
42367
59496
12356
14211
4484
50234
58488
9437
17590
17316
10953
11349
4298
130600
128310
26343
71810
72461
15526
21305
5687
604
206
275
101
1761
560
341
355
51182
8697
8332
3450
60004
12285
12014
11244
36823
7764
8271
4163
52154
10720
12306
6513
56235
9535
9138
5685
69585
14622
24197
19641
41484
7563
6870
3287
51468
9550
9754
3965
409
846
1601
198
2169
480
11543
966
2462
5125
1501
22892
4338
7184
2367
30177
6440
8858
5135
13699
1750
3242
5532
2420
23038
4596
7739
4532
58844
9917
11552
6348
82516
15560
16917
15571
11619
1353
1894
4343
1898
17401
1524
3281
6584
4876
14987
4424
8385
4436
39002
13550
14775
25961
5921
7202
3022
39434
8067
10998
4685
33588
8824
7851
3175
64088
15746
24368
6539
39977
8252
10824
4425
57083
11949
13729
9691
26147
5063
7992
6362
49995
13827
22345
11774
48306
9184
16588
9940
1882
41208
12865
23365
10290
4195
53225
11503
20797
11374
4395
62881
13390
25032
13076
5255
67137
13932
25748
11247
5532
52107
9621
17228
7858
3231
36501
8257
15232
10501
4271
47986
8983
16964
9527
4931
59942
12896
23842
10968
4988
54682
13106
24326
11844
3614
44312
2162
9125
15786
9479
3376
55187
10724
20494
10563
4773
82149
13814
26536
13022
6055
37652
2203
9981
18154
11158
4514
68663
13515
24733
11507
4331
26989
1657
7256
12181
7437
2917
32654
8764
16568
10326
4652
40203
8964
15752
6621
4853
51498
10351
18532
9815
3061
51067
11652
23328
10800
2297
58811
12750
24033
9693
5708
34950
8162
14125
5270
2918
57187
10300
19904
11695
2684
53375
9457
17734
10028
5414
85573
14085
27411
14318
6025
64604
13218
25837
11689
6303
42928
12955
24525
9530
5928
1365
353
301
130
77329
13202
12473
4458
54850
9528
5461
5175
63417
12915
13081
4405
63780
12016
12282
5885
63960
10627
12099
5095
66758
1620
13516
24308
12405
3670
40378
2031
8910
16520
7632
2063
67
70990
11738
21448
9651
3264
49476
9976
18873
10552
3878
88002
14196
27744
14230
5229
66269
13158
24716
11635
2202
41
60
120
61
29
316
125
194
43
35
3
7
23
71
10
8
25
70
69
12
23
112
63
182
9
9
190
102
284
114
38
1354
49685
23704
63184
61171
77471
52966
59840
9894
18526
22350
8046
10017
4418
5571
75811
68775
23611
25215
13249
14093
6338
63618
62567
11365
22450
22676
12270
12854
5969
60992
62896
10551
19466
22906
10469
11550
5602
5720
78031
77506
12262
24285
26502
13268
14094
5767
6499
12202
1703
5340
4165
2651
15659
1046
6012
5116
2626
22998
9088
6804
2543
8384
340
3433
5405
2135
1978
39149
11104
3730
13019
4236
2533
633
37290
13275
15482
22881
7535
7019
3332
1948
736
2147
914
471
309
1592
163
1411
137
418
23512
7206
4457
17612
1778
4009
5231
3116
14504
5707
2729
10919
786
2354
3159
1854
33642
9653
7834
25348
5510
6848
3295
67616
24848
26048
34345
8586
9517
4970
56627
1529
22300
17673
41458
8736
9075
4951
1636
411
3571
5499
685
3133
1564
24424
455
4804
8010
4560
2422
21639
4207
6554
5358
3330
13315
3023
7321
4267
1937
28956
6594
11300
9009
3020
25800
5831
11317
8462
3946
21631
4293
9143
3303
2879
70361
21587
47084
9951
16256
10422
59654
17477
5705
87056
26596
14603
63870
13073
24881
11889
56775
8926
17084
10857
62323
11805
21829
10410
3495
418423
178593
29246
7116
10995
4664
2859
82032
68180
12702
44297
8990
14579
9098
39182
8044
15793
10089
3529
149203
84888
32876
38466
17018
11070
5296
36864
1504
15695
9889
51748
10033
18757
10409
5156
295037
156499
43532
50741
9847
18917
9751
3602
314536
125348
38144
180705
104682
20571
6373
57189
12126
21790
11182
6071
317086
139599
26640
8101
80657
14135
27452
13949
6242
187466
41375
133126
23176
6630
60946
13585
25457
13481
5908
64885
11313
20875
10614
4983
33413
1669
6550
13113
6189
2765
43545
8167
14937
9563
4597
57111
14132
26517
9194
3605
28207
1367
13415
25343
9153
5245
14122
5791
65709
12768
7703
16147
8571
55289
11160
50447
7681
65649
10712
77924
14044
26863
11707
6314
27237
8921
16055
5915
4506
42552
9509
18642
8124
4929
27305
8376
13812
5335
459
53119
11346
33316
12525
7077
54925
13894
26474
13226
6320
65959
11744
23014
11730
6079
63807
13723
24704
13333
6040
59431
10427
21224
8907
5484

